2
3
4
5
6
7
3
8
9
10
11
12
2
3
13
14
8
15
16
17
18
19
20
21
22
23
24
8
25
16
26
10
8
27
28
29
10
8
30
31
32
33
34
10
35
31
32
36
37
38
12
39
40
41
42
43
37
26
10
44
45
46
47
48
49
31
50
51
52
20
53
54
55
26
10
56
55
26
10
57
20
58
27
59
34
60
36
37
61
62
12
63
43
64
33
65
40
10
66
67
68
59
34
32
36
37
69
12
43
70
71
50
43
37
72
20
51
49
73
23
74
75
76
77
47
72
20
78
79
75
76
77
43
37
80
20
81
71
12
43
32
36
20
82
20
23
83
10
84
85
20
86
51
87
10
88
89
18
90
91
3
92
93
94
8
95
96
97
47
96
98
99
47
100
101
98
33
102
91
-2
-2
-2
-2
-2
-2
-2
-2
-2
-2
-2
-2
-2
-2
-2
-2
-2
-2
-2
-2
-2
-2
-2
-2
-2
-2
-2
-2
-2
-2
-2
-2
-2
-2
-2
-2
-2
-2
-2
-2
-2
-2
-2
-2
-2
-2
-2
-2
-2
-2
-2
-2
-2
-2
-2
-2
-2
-2
-2
-2
-2
-2
-2
-2
-2
-2
-2
-2
-2
-2
-2
-2
-2
-2
-2
-2
-2
-2
-2
-2
-2
-2
-2
-2
-2
-2
-2
-2
-2
-2
-2
-2
-2
-2
-2
-2
-2
-2
-2
-2
-2
-2
-2
-2
-2
-2
-2
-2
-2
-2
-2
-2
-2
-2
-2
-2
-2
-2
-2
-2
-2
-2
-2
-2
-2
-2
-2
-2
-2
-2
-2
-2
-2
-2
-2
-2
-2
-2
-2
-2
-2
-2
-2
-2
-2
-2
-2
-2
-2
-2
-2
-2
-2
-2
-2
-2
-2
-2
-2
-2
-2
-2
-2
-2
-2
-2
-2
-2
-2
-2
-2
-2
-2
-2
-2
-2
-2
-2
-2
-2
-2
-2
-2
-2
-2
-2
-2
-2
-2
-2
-2
-2
-2
-2
-2
-2
-2
-2
-2
-2
-2
-2
-2
-2
-2
-2
-2
-2
-2
-2
-2
-2
27
18
172
19
93
20
21
151
98
173
20
174
175
105
176
18
2
177
178
8
179
12
43
178
8
149
20
135
180
41
51
181
88
23
182
183
184
76
77
12
18
31
185
86
186
187
98
116
43
185
188
189
75
76
77
12
31
185
166
186
75
76
77
17
18
105
19
33
190
191
31
43
178
8
179
41
31
51
181
88
23
192
115
-2
-2
-2
-2
-2
-2
-2
-2
-2
-2
-2
-2
-2
-2
-2
-2
-2
-2
-2
54
17
27
18
70
96
100
10
8
199
31
32
36
190
191
200
18
32
33
8
38
39
40
61
62
12
69
70
100
10
201
26
10
202
87
203
2
115
102
158
115
20
26
10
204
51
191
205
206
20
151
205
206
20
135
3
204
2
191
20
34
10
35
31
205
207
73
-2
-2
-2
-2
-2
-2
-2
-2
-2
-2
-2
-2
-2
-2
-2
-2
-2
-2
-2
-2
-2
-2
-2
-2
-2
-2
-2
-2
-2
-2
-2
-2
-2
-2
-2
-2
-2
-2
-2
-2
-2
-2
-2
-2
-2
-2
-2
153
26
10
151
105
37
213
214
-2
105
215
120
216
217
31
51
37
8
61
62
75
76
77
12
27
32
26
10
218
91
41
43
134
219
33
8
65
61
220
43
26
10
43
215
216
10
35
41
43
64
33
142
66
67
142
221
75
76
77
20
222
223
224
151
-2
-2
-2
-2
-2
-2
-2
-2
-2
-2
-2
-2
-2
-2
-2
-2
-2
-2
-2
-2
-2
-2
-2
-2
-2
-2
-2
-2
-2
-2
-2
-2
-2
-2
-2
-2
-2
-2
-2
-2
-2
-2
-2
-2
-2
-2
-2
-2
-2
-2
-2
-2
-2
-2
-2
-2
-2
-2
-2
-2
-2
-2
-2
-2
-2
-2
-2
-2
-2
-2
-2
-2
-2
-2
-2
-2
-2
-2
-2
-2
-2
-2
22
245
105
99
13
246
111
205
247
205
135
34
203
16
12
248
240
51
249
193
31
47
240
48
250
19
26
10
251
87
163
78
41
156
10
252
245
153
253
26
10
254
87
20
225
255
256
75
76
77
3
8
61
62
3
257
211
187
105
258
105
99
31
259
260
53
69
153
93
20
261
88
87
120
162
203
210
75
76
77
12
43
262
166
80
20
81
71
18
27
105
263
153
8
264
104
3
92
96
250
31
98
265
47
-2
-2
-2
-2
-2
-2
-2
-2
-2
-2
-2
-2
-2
-2
-2
-2
-2
-2
-2
-2
-2
-2
-2
-2
-2
-2
-2
-2
-2
-2
-2
-2
-2
-2
-2
-2
-2
-2
-2
-2
-2
-2
-2
-2
-2
-2
-2
-2
-2
-2
-2
-2
-2
-2
-2
-2
-2
-2
-2
-2
-2
-2
-2
-2
-2
-2
-2
-2
-2
-2
-2
-2
-2
-2
-2
-2
-2
-2
-2
-2
-2
-2
-2
-2
-2
-2
-2
-2
-2
-2
-2
-2
-2
-2
-2
-2
-2
-2
-2
-2
-2
-2
-2
-2
-2
-2
-2
-2
-2
-2
-2
-2
-2
-2
-2
-2
-2
-2
-2
-2
-2
-2
-2
-2
-2
12
105
185
293
-2
-2
-2
-2
-2
-2
-2
-2
-2
-2
-2
-2
-2
-2
-2
-2
-2
-2
-2
-2
-2
-2
-2
-2
-2
-2
-2
-2
-2
-2
-2
-2
-2
-2
-2
-2
-2
-2
-2
-2
-2
-2
-2
-2
-2
-2
-2
-2
-2
-2
-2
-2
-2
-2
-2
-2
-2
-2
-2
-2
-2
-2
-2
-2
-2
-2
-2
-2
-2
-2
-2
-2
-2
77
216
311
43
262
166
290
148
-2
-2
-2
-2
-2
-2
-2
-2
-2
-2
-2
-2
-2
-2
-2
-2
-2
-2
-2
-2
-2
-2
-2
-2
-2
-2
-2
-2
-2
-2
77
153
315
20
166
313
-2
205
18
105
99
205
247
73
31
22
245
205
135
34
203
16
27
18
205
316
22
317
161
42
107
280
8
318
319
207
288
252
20
135
34
203
16
75
76
77
18
317
320
321
-2
-2
-2
-2
-2
-2
-2
-2
-2
-2
-2
-2
-2
-2
-2
-2
-2
-2
-2
-2
-2
-2
-2
-2
-2
-2
-2
-2
-2
-2
-2
-2
-2
-2
-2
-2
-2
-2
-2
-2
-2
-2
-2
-2
-2
-2
-2
-2
-2
-2
-2
-2
-2
-2
-2
-2
-2
77
153
329
-2
-2
-2
-2
-2
-2
-2
-2
17
205
105
125
333
98
20
33
20
135
51
288
5
147
-2
-2
-2
-2
-2
-2
-2
-2
-2
-2
-2
-2
-2
-2
-2
-2
-2
-2
-2
-2
-2
-2
-2
-2
-2
-2
-2
-2
-2
-2
-2
336
-2
-2
-2
-2
77
26
10
338
31
32
339
26
10
340
88
120
46
-2
-2
-2
341
88
120
46
17
205
205
316
22
317
161
317
320
12
248
240
107
240
32
339
33
151
342
343
314
3
344
345
346
332
196
22
23
182
347
75
76
348
77
349
350
120
92
347
351
82
73
148
352
353
314
18
240
32
333
20
354
355
47
48
349
339
356
357
231
196
12
32
131
135
51
-2
-2
-2
-2
-2
-2
-2
-2
-2
-2
-2
-2
-2
-2
-2
-2
-2
-2
-2
-2
-2
-2
-2
-2
-2
-2
-2
-2
-2
-2
-2
-2
-2
-2
-2
-2
-2
-2
-2
-2
-2
-2
-2
-2
-2
-2
-2
-2
-2
-2
-2
-2
-2
-2
-2
-2
-2
-2
-2
-2
-2
-2
-2
-2
-2
-2
-2
-2
-2
-2
-2
-2
-2
-2
-2
-2
77
-2
-2
-2
-2
-2
-2
-2
-2
-2
-2
-2
-2
-2
-2
-2
-2
-2
-2
-2
-2
-2
-2
-2
-2
-2
-2
-2
-2
-2
-2
-2
-2
205
223
20
369
12
248
240
43
131
166
370
87
10
53
371
196
75
76
77
372
82
223
20
369
20
248
75
76
77
151
349
373
240
32
339
341
88
87
10
31
153
332
374
375
126
376
377
12
353
138
111
20
82
331
31
-2
-2
-2
-2
-2
-2
197
379
68
197
379
5
12
75
380
-2
-2
-2
-2
-2
-2
-2
-2
-2
-2
-2
-2
-2
-2
-2
-2
-2
-2
-2
8
323
308
199
105
131
99
10
170
42
386
47
387
20
99
219
105
99
105
131
323
135
51
25
386
47
388
240
100
10
201
185
207
25
3
332
119
196
-2
-2
-2
-2
-2
-2
-2
-2
-2
-2
-2
-2
-2
-2
-2
-2
-2
-2
-2
-2
-2
-2
-2
-2
-2
-2
-2
-2
-2
-2
-2
-2
-2
-2
-2
-2
-2
-2
-2
-2
-2
-2
-2
-2
-2
-2
-2
-2
-2
-2
-2
-2
-2
-2
-2
-2
-2
-2
-2
-2
-2
-2
-2
-2
-2
-2
-2
-2
-2
-2
-2
-2
17
18
42
240
32
399
372
166
400
401
22
402
75
76
348
89
42
320
-2
-2
-2
25
47
388
77
205
372
295
163
53
403
12
248
240
32
131
174
31
404
-2
17
127
111
-2
