-1
-1
-1
-1
-1
-1
-1
-1
-1
-1
-1
-1
-1
-1
-1
-1
-1
-1
-1
-1
-1
-1
-1
-1
-1
-1
-1
-1
-1
-1
-1
-1
-1
-1
-1
-1
-1
-1
-1
-1
-1
-1
-1
-1
-1
-1
-1
-1
-1
-1
-1
-1
-1
-1
-1
-1
-1
-1
-1
-1
-1
-1
-1
-1
-1
-1
-1
-1
-1
-1
-1
-1
-1
-1
-1
-1
-1
-1
-1
-1
-1
-1
-1
-1
-1
-1
-1
-1
-1
-1
-1
-1
-1
-1
-1
-1
-1
-1
-1
-1
-1
-1
-1
-1
-1
-1
-1
-1
-1
-1
-1
-1
-1
-1
-1
-1
-1
-1
-1
-1
-1
-1
-1
-1
-1
-1
-1
-1
-1
-1
-1
-1
-1
-1
-1
-1
-1
-1
-1
-1
-1
-1
-1
-1
-1
-1
-1
-1
-1
-1
-1
-1
-1
-1
-1
-1
-1
-1
-1
-1
-1
-1
-1
-1
-1
-1
-1
-1
-1
-1
-1
-1
-1
-1
-1
-1
-1
-1
-1
27
34
104
105
106
102
91
107
26
10
108
20
20
61
62
12
63
43
109
20
33
110
111
112
22
113
67
87
55
19
49
23
114
10
115
98
116
50
117
118
119
48
120
8
121
12
117
122
120
23
123
124
98
125
33
115
20
82
126
8
112
41
51
127
49
128
110
129
12
110
26
10
130
98
116
107
43
131
132
51
87
120
8
133
124
41
43
19
134
33
115
5
76
77
20
135
31
12
105
136
8
137
52
138
139
98
116
55
49
50
140
23
141
98
19
125
33
142
115
20
143
144
145
98
116
146
31
3
5
147
98
116
55
18
55
98
116
148
88
55
55
8
149
3
92
19
8
8
150
3
151
3
8
152
153
8
152
5
76
17
18
154
105
155
156
32
157
73
102
158
159
156
32
160
102
158
161
51
162
8
152
5
76
17
27
42
122
163
23
164
142
165
20
166
80
20
167
168
112
156
139
156
169
41
8
112
170
171
92
5
76
17
-1
-1
-1
-1
-1
-1
-1
-1
-1
-1
-1
-1
-1
-1
-1
-1
-1
-1
-1
-1
-1
-1
-1
-1
-1
-1
-1
-1
-1
-1
-1
-1
-1
-1
-1
-1
-1
-1
-1
-1
-1
-1
-1
-1
-1
-1
-1
-1
-1
-1
-1
-1
-1
-1
-1
-1
-1
-1
-1
-1
-1
-1
-1
-1
-1
-1
-1
-1
-1
-1
-1
-1
-1
-1
-1
-1
-1
-1
-1
-1
-1
-1
-1
12
43
193
194
20
195
22
180
120
196
5
76
17
12
197
198
85
120
196
-1
-1
-1
-1
-1
-1
-1
-1
-1
-1
-1
-1
-1
-1
-1
-1
-1
-1
-1
-1
-1
-1
-1
-1
-1
-1
-1
-1
-1
-1
-1
-1
-1
-1
-1
-1
-1
-1
-1
-1
-1
-1
-1
-1
-1
-1
-1
-1
-1
-1
-1
-1
-1
-1
-1
-1
-1
-1
-1
-1
-1
-1
-1
-1
-1
-1
-1
107
105
185
105
105
155
61
62
5
76
17
187
105
37
93
20
208
49
148
23
83
10
35
98
185
195
88
209
43
37
197
110
210
148
100
10
35
148
115
162
8
211
18
105
155
19
212
-1
-1
-1
-1
-1
-1
-1
-1
77
-1
-1
-1
-1
-1
-1
-1
-1
-1
-1
-1
-1
-1
-1
-1
-1
-1
-1
-1
-1
-1
-1
-1
-1
-1
-1
-1
-1
-1
-1
-1
-1
-1
-1
-1
-1
-1
-1
-1
-1
-1
-1
-1
-1
-1
-1
-1
-1
-1
-1
-1
-1
-1
-1
-1
77
51
20
225
51
226
20
98
116
227
23
228
165
229
38
230
231
232
233
234
235
221
12
98
125
116
100
10
8
67
5
76
77
105
99
55
49
31
27
23
111
236
37
237
238
98
116
5
76
77
105
239
175
240
43
185
222
116
151
51
241
12
31
41
237
238
43
64
116
151
237
238
37
242
37
8
243
18
5
76
244
17
-1
-1
-1
-1
-1
-1
-1
-1
-1
-1
-1
-1
-1
-1
-1
-1
-1
-1
-1
-1
-1
-1
-1
-1
-1
-1
-1
-1
-1
-1
-1
-1
-1
-1
-1
-1
-1
-1
-1
-1
-1
-1
-1
-1
-1
-1
-1
-1
-1
-1
-1
-1
-1
-1
-1
-1
-1
-1
-1
-1
-1
-1
-1
-1
-1
-1
-1
-1
-1
-1
-1
-1
-1
-1
-1
-1
-1
-1
-1
-1
-1
-1
-1
-1
-1
-1
-1
-1
-1
-1
-1
-1
-1
-1
-1
-1
-1
-1
-1
-1
-1
-1
-1
-1
27
266
43
109
49
267
20
86
120
12
109
49
110
268
110
269
12
43
270
225
156
8
26
10
271
272
273
20
135
156
205
156
43
131
120
23
274
275
27
128
197
276
225
156
277
47
96
98
116
49
31
107
43
109
20
33
43
278
20
279
43
280
8
281
43
131
148
151
43
282
43
19
134
283
195
22
261
148
180
31
43
284
148
12
153
8
285
31
26
10
286
225
19
113
20
287
51
288
87
73
53
289
12
290
148
51
73
53
289
153
122
8
281
217
20
291
292
5
76
77
12
107
18
128
290
-1
-1
-1
-1
12
105
185
294
224
88
214
98
116
50
98
295
163
50
98
295
163
2
296
196
205
13
297
163
298
234
299
148
98
116
119
8
300
301
5
76
302
51
303
10
304
98
294
224
88
120
48
5
76
120
288
305
49
306
196
5
76
307
77
120
288
8
308
309
230
55
310
296
18
5
76
302
311
-1
-1
-1
-1
-1
-1
-1
-1
77
31
185
166
274
105
125
222
116
146
98
185
135
31
20
58
98
8
312
51
185
166
313
142
148
151
13
314
120
196
-1
-1
-1
-1
-1
-1
77
-1
-1
-1
-1
-1
-1
-1
-1
-1
-1
-1
-1
-1
-1
-1
-1
-1
-1
-1
-1
-1
-1
-1
-1
-1
-1
-1
-1
-1
-1
-1
-1
-1
-1
-1
-1
-1
-1
-1
-1
-1
-1
-1
322
105
258
8
323
8
323
324
105
185
33
92
185
166
102
2
325
5
76
105
116
326
88
87
10
31
327
196
32
185
166
326
88
87
10
31
318
328
5
76
302
105
125
116
5
76
77
42
105
125
116
153
151
105
294
224
92
-1
-1
-1
41
51
330
22
225
331
332
196
-1
-1
-1
-1
-1
-1
-1
-1
-1
-1
-1
-1
-1
-1
205
105
258
105
172
334
148
100
115
98
131
135
51
105
19
49
32
335
224
91
105
294
224
19
326
88
87
302
10
34
196
-1
51
19
109
337
-1
-1
-1
-1
-1
-1
-1
-1
-1
-1
-1
-1
-1
75
147
77
-1
-1
-1
-1
-1
-1
-1
-1
-1
-1
-1
-1
-1
-1
-1
-1
-1
-1
-1
-1
-1
-1
-1
-1
-1
-1
-1
-1
-1
-1
-1
-1
-1
-1
-1
-1
-1
-1
-1
-1
-1
-1
-1
-1
-1
-1
-1
-1
-1
-1
-1
-1
-1
-1
-1
-1
-1
-1
-1
-1
-1
-1
-1
-1
-1
-1
-1
-1
-1
-1
-1
77
77
32
131
135
31
27
105
155
32
358
19
223
20
359
12
195
5
76
12
248
224
195
224
51
224
51
187
12
107
12
105
99
31
185
166
111
102
257
360
156
205
10
98
116
49
105
99
32
335
224
91
105
294
187
128
122
361
175
253
93
73
5
76
302
12
146
131
105
362
363
364
87
10
2
196
-1
18
303
10
107
98
116
365
219
222
366
88
240
43
367
20
166
368
87
10
2
196
288
8
115
5
76
77
18
105
294
224
31
-1
-1
-1
-1
-1
-1
-1
-1
-1
-1
-1
-1
-1
-1
-1
-1
-1
-1
-1
-1
-1
-1
-1
-1
-1
-1
-1
-1
-1
-1
-1
-1
-1
-1
-1
-1
-1
-1
-1
-1
-1
-1
-1
-1
-1
-1
-1
-1
-1
-1
-1
-1
-1
-1
-1
332
374
375
3
23
378
-1
-1
-1
-1
-1
-1
-1
-1
-1
100
308
328
105
185
381
382
383
23
384
41
332
374
328
105
385
20
166
92
-1
-1
-1
-1
-1
-1
-1
-1
-1
-1
-1
-1
-1
-1
-1
-1
-1
-1
-1
-1
-1
-1
-1
-1
-1
-1
-1
-1
-1
-1
-1
-1
-1
-1
-1
-1
-1
-1
120
388
92
259
166
23
115
107
317
161
50
372
166
389
8
390
146
20
391
23
392
252
163
25
126
8
388
18
31
185
166
23
111
115
22
225
5
76
89
20
393
394
20
135
2
5
76
89
27
18
105
185
208
395
396
172
122
93
20
166
80
20
86
397
242
398
47
320
5
76
89
18
-1
-1
-1
-1
-1
-1
-1
-1
-1
-1
-1
-1
-1
-1
-1
-1
-1
-1
25
47
388
-1
-1
-1
-1
-1
-1
-1
-1
-1
-1
-1
-1
-1
-1
-1
-1
-1
-1
17
-1
-1
-1
405
